15840 4 8729 1659 14124 9324 10392 13968 13550 13476 13896 10349 856 16688 308 5465 7382 14611 9957 12804
16714 9910 6848 17187 4303 2132 12183 1532 13206 18288 11336 4548 18462 7284 16083 15309 17829 6366 4689 15417
6817 16529 1119 10254 9944 4840 12582 3163 2373 15857 16931 18644 5959 14400 18484 17312 8031 16928 16548 15412
11382 4578 13626 7622 17161 6483 43 2963 5636 10300 11045 4740 11285 10451 949 17199 2317 10395 9260 887
11246 9171 17833 11223 12787 13889 7608 1696 16258 8304 9589 1010 16346 18056 5626 6399 16414 14346 9934 15132
4661 9036 7243 3776 16736 15985 16067 1336 302 11327 15807 12184 4257 15774 1260 11514 15357 13609 18624 1947
17096 9297 1023 2644 17920 8006 5935 3293 11647 11593 8064 308 11892 10277 3050 1582 11925 8200 10568 15382
15231 3418 17366 9064 4726 4759 1217 11666 16124 5015 15830 7337 8534 6194 9217 5886 17245 3665 9558 14064
13420 10874 4041 13871 12579 4331 9268 892 9165 4868 6853 8616 3821 705 8096 16098 17144 8531 15098 12054
7587 1360 9112 5673 6822 206 6159 10621 12056 3048 14381 13945 3215 2413 3260 9758 17600 17884 16493 14899
7140 7767 5136 5547 13917 5671 1613 2353 6451 15867 15897 12645 11640 9098 10164 9124 12333 6535 16414 630
14617 1456 18278 6354 12333 11906 498 339 9788 15879 10686 1789 4718 40 6626 13631 17500 13218 5247 13101
4726 11944 7205 9413 13193 18826 5424 18964 16234 11153 7901 4975 19035 2836 404 17155 2278 6980 15547 15315
14075 3671 13327 3882 214 17656 8880 62 3325 10565 12994 13490 17561 1804 11647 8584 14398 18733 1467 13197
17695 826 3146 3009 4751 8934 13503 10060 1876 5989 3771 14479 9000 2963 18069 1663 1145 1769 6588 16211
1133 6647 1086 17443 2793 17500 9672 8543 5966 18501 4125 11574 5040 13687 12793 17637 5848 2700 12751 2293
3257 10324 15175 7270 13153 6554 726 2977 18847 14483 939 9279 17386 15464 921 3601 6345 502 6763 7437
12119 8623 9327 11993 18014 12622 395 13250 3984 651 11426 9160 10242 17930 15470 16187 4122 17308 15419 9386
7921 4116 6066 14890 10449 9547 13097 16697 8443 15222 5052 11702 15917 1300 12827 1611 5901 1893 16569 16976
11584 9152 9655 6525 9949 2496 2140 6242 58 18963 8743 13641 15946 13183 9814 15371 6920 1210 735 16249
5829 10459 18361 2739 9172 17990 6473 6163 8326 8489 4636 13431 3299 7542 7541 18906 7744 15289 9580 3032
11873 13434 13945 2729 3684 1599 12659 17300 5677 2159 2641 3584 10329 16960 12654 18477 17209 13465 10577 4141
1898 10457 16209 11378 5401 3691 1355 16429 12187 15431 1640 13707 2832 15132 11831 1240 8143 12564 18768 8192
7587 5592 17812 11383 13211 2372 6935 14560 13286 13802 17940 11424 10635 6298 17582 1430 3286 5532 3377 8233
5047 18062 8680 2740 3234 9800 1567 9295 9295 9735 18857 15573 3683 3515 5497 17435 11601 8385 17974 10342
518 17431 13512 2562 18244 3019 18388 10955 7057 14271 69 12932 11402 6427 19003 13632 15748 3270 8402 4271
15602 10060 15403 7375 3086 13364 14280 17604 10153 12878 6671 838 18922 6669 15243 15671 574 17129 13171 3071
17153 7144 8044 7818 17545 4090 18605 8410 15196 5186 9184 10526 7889 3833 12449 11898 3804 14698 7196 4505
3595 18128 18410 4708 11403 4724 15022 13269 5932 12259 4197 14657 2355 6204 9803 13771 4525 190 2069 15747
8322 17331 18925 17339 11035 7085 12319 10699 6642 5795 10318 13426 16147 13031 10675 6042 9284 16387 15383 1695
13509 8777 12408 16093 13266 14159 5660 9143 6585 17621 12943 9329 17855 6844 12891 4198 9908 5732 15753 10140
6562 1819 12285 6368 14853 4757 2916 4009 17206 4287 13552 12208 18166 11704 16697 2781 4910 14870 6950 9905
9159 2642 1386 11190 446 1215 8634 18016 21 12233 13081 15580 18611 12879 13227 3280 3403 14436 18005 15617
1228 1079 6950 6703 9600 3209 14607 1148 16405 6935 14263 10082 6075 2015 13863 18496 13426 13023 5432 18083
3668 1690 3666 3653 6557 6755 4038 13560 4235 16275 5347 4397 38 7819 18604 12957 16868 12428 10334 8670
13214 91 18232 14003 14759 17519 18290 18854 10524 7100 2012 11760 13394 6944 1097 17878 6794 7595 2556 7218
7731 7730 14365 19005 834 9853 10478 15215 18402 4404 14070 943 2994 15082 17831 14680 3853 7956 7073 13543
3381 15362 7953 1245 14922 10529 12762 1276 190 4935 3317 14567 7746 6746 2630 4009 9193 6384 1388 11342
3975 12588 6029 16113 14715 11828 9911 14670 5784 6008 161 3918 11178 10755 1748 17160 9787 3928 14073 481
2757 13445 12177 4978 6973 13884 1808 11833 13048 18760 16209 13709 16280 18425 18097 5937 3403 5274 16996 7977
1154 8065 9209 2553 12531 13918 13880 792 5862 3012 3556 1009 5858 9146 15153 1792 5078 10109 262 14796
14108 5787 3233 6965 10494 2783 1876 15488 6754 11126 10184 4429 45 8865 6302 10027 5472 8436 4686 18161
6607 9693 9694 12996 5238 11679 18528 611 2252 3142 13989 5735 17490 14894 12451 8689 5410 14460 11166 9109
12806 3749 17691 12126 6415 5745 671 12270 7227 12051 4039 6771 13906 16746 6164 691 127 523 10070 16306
870 2225 16408 6518 939 17370 17174 6999 14360 12402 3457 6000 3982 6319 14170 8893 3486 6390 16991 873
16359 10333 6655 3706 84 5077 6219 4292 15690 13044 16457 5182 15989 5754 14021 13381 1833 2357 9994 17760
17679 12963 18553 9443 16545 6185 1971 2300 12190 10769 6433 4758 11947 10744 11109 18233 16323 13143 815 1918
2685 16668 10789 14095 4852 8394 16702 2376 16103 3288 8814 15428 8353 17394 15517 696 4028 1356 8647 2318
9964 17706 328 7412 16430 12692 12725 12810 15884 6453 11708 17755 15950 3993 7075 15268 11419 8449 2063 562
14856 2085 1275 40 12782 11451 2902 3717 6428 15171 13834 3426 15469 17080 9877 11786 12290 6606 15858 7543
14467 8062 16782 7992 1525 14589 17435 17062 4717 16865 12522 2418 13388 1391 11716 12990 3777 14871 11861 6832
11704 16949 3624 4537 12937 1469 3075 11709 8096 7955 8398 18739 3797 13027 2837 6889 18579 8287 16392 16704
5413 11438 8173 10566 4869 12501 2619 4720 10254 3873 12665 228 7695 4765 3086 13673 2357 4083 5392 292
17675 19021 11242 2629 14594 8879 7539 4800 3373 1153 3625 14660 18116 1743 2319 6053 9017 14204 8371 1886
14711 7520 2529 5100 11452 9776 16286 17345 6752 15978 7662 11464 9496 15778 7062 10840 7692 417 2515 2231
1060 1190 421 18325 6046 2801 1799 12369 3889 18206 12292 5000 15272 16281 12026 18486 11107 16020 6810 7800
14824 12571 18374 18915 15193 14657 6106 2788 14952 1853 1766 14756 1074 18051 2818 12484 11426 3827 6715 3015
18965 10236 7367 4889 18186 933 5016 12649 15798 7280 12317 7122 18004 6687 18819 9 3564 18174 11039 14053
1556 6996 13851 1843 11248 17269 12541 16630 16891 1642 17109 10033 8688 2958 10560 11788 15265 9048 16937 3767
14822 18717 7910 6157 844 6890 9262 409 11358 3378 1471 75 14541 11441 17654 4450 18127 13434 13900 8368
16648 2339 13645 16022 10149 3341 3796 5855 15209 3624 11944 5145 12182 12953 11453 17792 6101 7631 11349 13210
12208 7001 7518 16247 1794 4526 5970 18830 17240 13303 10793 16241 4736 2013 7274 6887 3007 4733 18746 13457
12618 14017 8101 14046 10882 13051 15900 11597 1314 6342 7094 4962 920 7709 9724 6473 12699 8398 18875 3445
15040 8645 13449 849 2826 7192 11981 8372 5398 9681 11792 5537 18946 1415 11476 67 2420 18939 7417 673
