7627 55 8268 10052 8268 132 22 305 0 1 1 1 1 1 1 1 1 1 1 1
7059 22 910 277 28 143 22 158 2113 10360 0 1 1 1 1 1 1 1 1 1
9090 22 58 66 1883 123 3751 1456 22 305 0 1 1 1 1 1 1 1 1 1
368 4098 55 11 1643 71 16429 864 167 16430 0 1 1 1 1 1 1 1 1 1
69 22 1624 1154 352 5565 1940 4923 1460 0 1 1 1 1 1 1 1 1 1 1
11027 31 8908 11028 22 2105 34 28 0 1 1 1 1 1 1 1 1 1 1 1
13973 13974 28 1465 4820 0 1 1 1 1 1 1 1 1 1 1 1 1 1 1
2168 10 5098 15423 22 2569 755 0 1 1 1 1 1 1 1 1 1 1 1 1
14431 1075 4666 1752 981 79 0 1 1 1 1 1 1 1 1 1 1 1 1 1
38 77 2913 6318 66 3643 22 858 0 1 1 1 1 1 1 1 1 1 1 1
1391 132 5 6 17308 22 6012 28 6 0 1 1 1 1 1 1 1 1 1 1
7997 22 902 2593 28 30 6660 0 1 1 1 1 1 1 1 1 1 1 1 1
1418 1419 28 1420 22 612 77 1421 28 36 0 1 1 1 1 1 1 1 1 1
48 14517 116 3558 22 132 3666 0 1 1 1 1 1 1 1 1 1 1 1 1
426 22 4681 14730 1357 158 3 0 1 1 1 1 1 1 1 1 1 1 1 1
6480 2378 608 22 1124 1309 1794 66 349 1183 0 1 1 1 1 1 1 1 1 1
4342 22 317 132 22 1005 6 912 158 3 0 1 1 1 1 1 1 1 1 1
781 22 5290 372 3506 312 327 77 161 0 1 1 1 1 1 1 1 1 1 1
566 81 11 1936 798 1806 183 424 798 1806 183 0 1 1 1 1 1 1 1 1
17153 22 17154 31 77 68 152 22 39 0 1 1 1 1 1 1 1 1 1 1
1817 22 1434 28 5093 22 835 3843 3230 5980 0 1 1 1 1 1 1 1 1 1
1065 318 189 10 574 4083 1311 0 1 1 1 1 1 1 1 1 1 1 1 1
7910 22 591 11 293 7911 22 84 0 1 1 1 1 1 1 1 1 1 1 1
1671 22 1672 28 1219 1673 77 1674 0 1 1 1 1 1 1 1 1 1 1 1
966 10 18574 22 3677 28 1832 5407 0 1 1 1 1 1 1 1 1 1 1 1
113 22 783 22 7490 22 4304 158 3 0 1 1 1 1 1 1 1 1 1 1
12824 22 1617 11 11378 147 2795 0 1 1 1 1 1 1 1 1 1 1 1 1
679 22 193 1850 28 1432 1499 1499 11 11 42 0 1 1 1 1 1 1 1 1
2113 71 429 1396 10321 11 7254 31 143 0 1 1 1 1 1 1 1 1 1 1
2581 311 11 13232 22 5905 0 1 1 1 1 1 1 1 1 1 1 1 1 1
7530 31 4820 22 451 98 312 245 0 1 1 1 1 1 1 1 1 1 1 1
145 22 622 1542 11 4184 31 8102 28 0 1 1 1 1 1 1 1 1 1 1
1005 3688 991 22 1410 22 1901 55 84 0 1 1 1 1 1 1 1 1 1 1
3713 22 2918 3881 28 2669 180 7520 0 1 1 1 1 1 1 1 1 1 1 1
1077 12132 2939 2288 1162 22 2304 429 0 1 1 1 1 1 1 1 1 1 1 1
363 22 832 28 7634 55 1593 1234 0 1 1 1 1 1 1 1 1 1 1 1
405 1281 22 16798 22 9565 69 0 1 1 1 1 1 1 1 1 1 1 1 1
386 22 246 387 98 7 28 36 0 1 1 1 1 1 1 1 1 1 1 1
1077 22 3677 5373 2137 66 12207 189 0 1 1 1 1 1 1 1 1 1 1 1
8699 22 478 10 58 28 66 588 1400 0 1 1 1 1 1 1 1 1 1 1
2780 10 426 77 759 18517 777 0 1 1 1 1 1 1 1 1 1 1 1 1
321 1929 22 5038 11 990 3 680 5039 0 1 1 1 1 1 1 1 1 1 1
3332 5 15286 522 3 478 22 187 0 1 1 1 1 1 1 1 1 1 1 1
1659 98 11 781 22 1660 183 1661 1662 0 1 1 1 1 1 1 1 1 1 1
2459 5 572 1256 28 503 1042 1043 648 61 0 1 1 1 1 1 1 1 1 1
10112 2112 22 1133 28 10113 3734 6748 0 1 1 1 1 1 1 1 1 1 1 1
149 31 150 11 151 120 152 22 153 0 1 1 1 1 1 1 1 1 1 1
5945 77 13658 2266 1363 1077 0 1 1 1 1 1 1 1 1 1 1 1 1 1
1714 134 88 3348 420 1986 1302 287 158 3 0 1 1 1 1 1 1 1 1 1
1165 901 31 1422 717 1005 42 3460 0 1 1 1 1 1 1 1 1 1 1 1
9276 1181 28 4743 7320 9277 23 66 302 0 1 1 1 1 1 1 1 1 1 1
5472 28 3964 22 5473 813 1844 0 1 1 1 1 1 1 1 1 1 1 1 1
612 22 245 961 28 9387 2190 36 0 1 1 1 1 1 1 1 1 1 1 1
132 9793 22 805 77 305 22 989 22 140 28 16730 0 1 1 1 1 1 1 1
6225 344 22 6226 501 0 1 1 1 1 1 1 1 1 1 1 1 1 1 1
1415 66 322 98 312 1309 22 2611 2950 0 1 1 1 1 1 1 1 1 1 1
478 11 549 28 11729 5858 3 39 77 1039 0 1 1 1 1 1 1 1 1 1
1612 1434 28 8881 701 22 591 4460 207 0 1 1 1 1 1 1 1 1 1 1
864 5916 6434 22 6144 2684 4779 189 0 1 1 1 1 1 1 1 1 1 1 1
210 28 3310 1783 28 4476 77 5346 36 0 1 1 1 1 1 1 1 1 1 1
132 22 6 1694 910 2711 230 31 77 68 0 1 1 1 1 1 1 1 1 1
648 1192 22 17107 16309 69 22 1739 3069 0 1 1 1 1 1 1 1 1 1 1
702 1448 2642 69 22 10105 11 3361 36 0 1 1 1 1 1 1 1 1 1 1
1412 11496 55 1067 80 11497 0 1 1 1 1 1 1 1 1 1 1 1 1 1
